0 22
0 30
0 53
0 74
0 76
0 77
0 88
0 94
1 13
1 73
1 84
2 16
2 38
2 44
2 46
2 47
2 62
2 63
2 69
2 79
2 91
3 72
3 80
4 69
4 12
4 72
4 79
5 52
5 21
5 54
5 60
5 64
5 66
5 77
5 90
6 7
6 34
6 48
6 20
6 37
6 85
7 6
7 68
8 92
9 34
9 44
9 53
9 65
9 72
9 75
10 22
10 24
10 46
10 71
10 80
11 32
11 70
11 92
11 96
12 33
12 63
12 19
12 54
15 13
15 35
15 52
15 75
15 77
16 2
16 75
16 17
16 30
16 46
16 69
16 72
16 84
16 93
16 98
17 63
17 26
17 30
17 42
17 44
17 55
17 67
17 70
17 90
18 28
19 59
21 22
21 81
22 0
22 33
24 62
24 91
25 29
25 51
25 52
25 62
28 10
28 41
28 60
30 31
30 88
30 89
31 18
31 34
31 58
32 64
32 76
33 12
33 34
33 83
34 6
34 13
34 35
34 35
34 47
34 50
34 52
34 54
34 59
34 84
36 45
36 50
36 63
36 90
37 63
37 35
37 36
37 42
37 58
38 88
39 75
39 19
39 38
39 58
41 13
41 49
41 56
41 63
41 84
41 87
41 95
43 41
43 88
43 97
45 13
45 29
45 45
45 48
45 52
45 61
45 87
45 99
46 25
46 26
46 54
46 64
46 65
46 72
46 75
46 84
46 97
47 28
47 36
47 48
47 51
47 74
48 6
48 11
48 17
48 45
51 44
51 53
52 5
52 84
52 17
52 26
52 67
52 68
52 76
52 80
52 85
52 88
52 95
53 21
53 36
53 37
53 69
53 74
53 85
53 99
54 94
54 15
54 26
54 45
54 54
55 89
57 14
57 36
57 41
57 49
57 68
57 84
57 85
57 88
57 92
57 99
58 46
59 27
59 68
60 77
60 10
60 17
60 18
60 30
60 40
60 46
60 74
60 91
60 95
61 58
63 12
63 17
63 37
63 94
63 52
63 81
64 15
64 22
64 35
65 74
65 26
65 41
65 43
65 47
65 59
65 63
65 70
65 81
65 88
67 79
67 49
67 50
67 80
68 26
68 75
69 4
69 12
69 27
69 72
72 11
72 68
72 80
72 97
73 99
73 13
73 15
73 25
73 28
73 32
73 33
73 40
73 49
73 59
73 77
73 78
73 80
73 96
74 65
74 13
74 23
74 25
74 41
74 43
74 55
74 57
74 60
74 64
74 68
74 75
74 76
74 82
75 16
75 39
75 19
75 29
75 36
75 37
75 49
75 56
75 82
75 83
75 84
75 89
75 93
76 13
76 31
77 60
77 28
77 30
77 39
77 49
77 82
77 95
77 96
78 12
78 67
78 69
79 67
79 24
79 49
79 80
80 29
82 14
83 13
83 32
84 52
84 19
84 35
84 46
84 50
86 53
86 72
86 76
86 85
87 73
89 76
89 94
91 10
91 19
91 23
91 50
91 54
91 55
91 64
91 83
91 84
91 87
91 97
91 98
92 10
92 67
92 86
93 76
94 54
94 63
94 62
94 67
94 88
95 35
95 59
96 22
96 29
96 75
97 21
97 80
98 17
98 19
99 73
99 15
99 33
99 59
